bookId=18dd676c7970568ce29d7dbb7f0d399e8f649e966f010c286f470a0cc9bea62d
title=The End of the Affair
metric=tf_idf
limit=1000
columns=rank lemma tf_idf_score total_count global_frequency_zipf

1	nothing	6.161870	95	3.300000
2	's	5.433722	228	
3	something	5.276182	56	3.390000
4	crompton	5.254772	21	2.600000
5	waterbury	5.212008	23	2.720000
6	maurice	5.027273	88	3.760000
7	smythe	4.653499	17	2.780000
8	’d	4.624973	101	
9	bendrix	4.543295	93	
10	parkis	4.430817	83	
11	’ll	4.430817	83	
12	always	4.369448	78	
13	everything	4.302160	33	3.560000
14	sarah	4.126303	227	4.480000
15	bertram	4.116236	14	2.960000
16	anything	4.110874	60	
17	perhaps	4.094345	59	
18	sometimes	3.871201	47	
19	miles	3.850148	46	
20	dunstan	3.787752	9	2.710000
21	morning	3.718323	23	3.660000
22	evening	3.715561	22	3.630000
23	henry	3.702974	356	4.740000
24	sylvia	3.594879	19	3.600000
25	jealousy	3.591201	23	3.740000
26	vapour	3.572864	10	3.020000
27	savage	3.466464	34	4.050000
28	maid	3.354979	22	3.860000
29	’re	3.295837	26	
30	lover	3.272244	42	4.260000
31	landlady	3.223134	7	2.900000
32	towards	3.218876	24	
33	cheek	3.198204	22	3.960000
34	pimp	3.193105	11	3.430000
35	bitterness	3.168256	11	3.450000
36	1944	3.044522	20	
37	whisky	3.039465	12	3.630000
38	materialist	3.037032	5	2.610000
39	cedar	3.033016	14	3.760000
40	telephon	3.006431	6	2.910000
41	jealous	2.995732	19	
42	suppose	2.971537	61	4.560000
43	phoney	2.965362	5	2.690000
44	ashtray	2.938486	5	2.720000
45	crematorium	2.884733	5	2.780000
46	deceive	2.878364	8	3.380000
47	cremation	2.860488	6	3.060000
48	hatred	2.833213	16	
49	n’t	2.833213	16	
50	vow	2.809154	9	3.560000
51	whisper	2.807945	11	3.740000
52	squander	2.786186	5	2.890000
53	stair	2.786031	19	4.140000
54	onion	2.784205	13	3.890000
55	squeak	2.777227	5	2.900000
56	rationalist	2.768233	4	2.560000
57	disprove	2.750351	5	2.930000
58	doorway	2.735545	8	3.510000
59	stranger	2.733126	23	4.280000
60	dressing	2.732433	5	2.950000
61	pray	2.720958	29	4.400000
62	clothes	2.708050	14	
63	telephone	2.703952	29	4.410000
64	sherry	2.703274	7	3.400000
65	coincidence	2.691838	13	3.960000
66	tenderness	2.685356	6	3.240000
67	parcel	2.682512	9	3.670000
68	cupboard	2.661685	7	3.440000
69	smythey	2.639057	13	
70	upstairs	2.639057	13	
71	vigo	2.631431	4	2.730000
72	cough	2.629073	12	3.950000
73	quarrel	2.617249	6	3.310000
74	envy	2.589727	10	3.840000
75	paddington	2.589092	5	3.110000
76	afterwards	2.564949	12	
77	smyto	2.564949	12	
78	worried	2.564949	12	
79	shilling	2.544298	5	3.160000
80	prayer	2.542912	24	4.420000
81	insecurity	2.536919	7	3.560000
82	awfully	2.519954	6	3.410000
83	fool	2.517495	18	4.290000
84	companionship	2.517422	5	3.190000
85	desire	2.509588	36	4.610000
86	tease	2.505727	7	3.590000
87	superstition	2.499504	5	3.210000
88	hat	2.474962	28	4.530000
89	marry	2.472834	21	4.400000
90	moustache	2.472628	5	3.240000
91	disappointment	2.472482	11	4.010000
92	siren	2.471306	6	3.460000
93	memento	2.470487	4	2.930000
94	beginning	2.453741	7	3.640000
95	hysterical	2.451847	6	3.480000
96	happiness	2.445685	22	4.440000
97	desert	2.435618	20	4.400000
98	writing	2.421874	10	3.980000
99	anger	2.405173	20	4.420000
100	funeral	2.399718	18	4.370000
101	1946	2.397895	10	
102	interested	2.397895	10	
103	angrily	2.383040	5	3.340000
104	complacency	2.373921	4	3.050000
105	confessional	2.373921	4	3.050000
106	lust	2.370563	7	3.720000
107	odd	2.366628	19	4.420000
108	promise	2.362997	38	4.710000
109	pencil	2.360150	9	3.950000
110	sit	2.359753	72	4.900000
111	strange	2.356700	31	4.640000
112	drip	2.354551	6	3.580000
113	desk	2.351650	19	4.430000
114	dreary	2.349779	4	3.080000
115	alter	2.337948	10	4.050000
116	admire	2.337124	9	3.970000
117	pity	2.325611	9	3.980000
118	misery	2.318072	8	3.890000
119	lay	2.312814	29	4.640000
120	suddenly	2.309766	33	4.690000
121	catholic	2.304089	23	4.550000
122	enormous	2.302585	9	
123	golders	2.302585	9	
124	satisfied	2.302585	9	
125	belong	2.294903	16	4.380000
126	unhappiness	2.293449	4	3.150000
127	servant	2.289990	10	4.090000
128	write	2.288472	111	5.030000
129	fetch	2.286444	6	3.650000
130	gentleman	2.286114	11	4.160000
131	kiss	2.285402	24	4.580000
132	mauve	2.280454	3	2.710000
133	miserably	2.277355	4	3.170000
134	handkerchief	2.269307	4	3.180000
135	undertaker	2.269307	4	3.180000
136	dear	2.268661	39	4.770000
137	maiden	2.266591	7	3.820000
138	unbearable	2.266576	5	3.470000
139	dull	2.263141	8	3.940000
140	pride	2.261778	19	4.490000
141	lunch	2.256088	28	4.660000
142	claret	2.252728	3	2.750000
143	phrase	2.243199	13	4.300000
144	beatrix	2.238865	3	2.770000
145	gentleness	2.238865	3	2.770000
146	ought	2.234141	14	4.350000
147	wip	2.225002	3	2.790000
148	asleep	2.220601	14	4.360000
149	knelt	2.218071	3	2.800000
150	begin	2.215408	83	5.000000
151	forehead	2.214605	7	3.870000
152	plaster	2.212823	5	3.530000
153	afraid	2.210778	29	4.700000
154	puddle	2.204930	4	3.260000
155	saint	2.204208	15	4.410000
156	torch	2.198878	6	3.740000
157	sleet	2.197277	3	2.830000
158	hatre	2.197225	8	
159	mallock	2.197225	8	
160	pendulum	2.196883	4	3.270000
161	suitcase	2.194905	5	3.550000
162	invent	2.194074	10	4.170000
163	cocktail	2.193811	7	3.890000
164	anybody	2.192056	20	4.560000
165	scrap	2.183414	7	3.900000
166	forster	2.180788	4	3.290000
167	bye	2.179980	14	4.390000
168	bell	2.179185	21	4.590000
169	sir	2.173737	101	5.060000
170	cease	2.164266	8	4.030000
171	lie	2.153872	40	4.840000
172	comfort	2.152900	14	4.410000
173	bore	2.152222	7	3.930000
174	sleeve	2.152222	7	3.930000
175	sight	2.149440	18	4.540000
176	thrower	2.148756	3	2.900000
177	priest	2.141733	12	4.330000
178	pavement	2.141153	5	3.610000
179	waiter	2.141153	5	3.610000
180	eternity	2.140501	6	3.800000
181	recognize	2.138875	17	4.520000
182	rattle	2.132505	4	3.350000
183	ring	2.132194	35	4.810000
184	damp	2.132194	5	3.620000
185	drank	2.131428	7	3.950000
186	sofa	2.130772	6	3.810000
187	macaulay	2.127962	3	2.930000
188	warden	2.123235	5	3.630000
189	despair	2.121042	6	3.820000
190	scent	2.121042	6	3.820000
191	tear	2.121030	15	4.470000
192	intimacy	2.114276	5	3.640000
193	devil	2.112171	11	4.300000
194	habit	2.110148	10	4.240000
195	wake	2.108742	29	4.760000
196	nearer	2.108364	4	3.380000
197	exist	2.104560	28	4.750000
198	statue	2.098349	8	4.090000
199	stupidly	2.093304	3	2.980000
200	abandonment	2.092269	4	3.400000
201	distrust	2.092269	4	3.400000
202	reading	2.091853	6	3.850000
203	materialistic	2.086373	3	2.990000
204	hate	2.083548	107	5.110000
205	curtain	2.082124	6	3.860000
206	envelope	2.082124	6	3.860000
207	finger	2.079442	15	4.500000
208	longe	2.079442	7	
209	ourselves	2.079442	7	
210	sirespect	2.079442	7	
211	dearest	2.076175	4	3.420000
212	empty	2.075829	18	4.590000
213	mirror	2.071658	14	4.470000
214	sympathy	2.069044	7	4.010000
215	alive	2.065967	27	4.760000
216	crucifix	2.065579	3	3.020000
217	piccadilly	2.065579	3	3.020000
218	wonder	2.059829	46	4.930000
219	james	2.058647	3	3.030000
220	profession	2.054405	8	4.130000
221	beside	2.052077	19	4.630000
222	evasive	2.051716	3	3.040000
223	streamer	2.051716	3	3.040000
224	hopeless	2.051565	5	3.710000
225	rob	2.050048	11	4.350000
226	exclaim	2.044784	3	3.050000
227	relic	2.043986	4	3.460000
228	angry	2.039830	20	4.660000
229	tube	2.037623	11	4.360000
230	bowler	2.027892	4	3.480000
231	glass	2.027657	33	4.850000
232	shook	2.027456	7	4.050000
233	remind	2.025199	11	4.370000
234	humiliate	2.023990	3	3.080000
235	v1	2.023990	3	3.080000
236	remorse	2.019845	4	3.490000
237	novel	2.016941	18	4.630000
238	forgive	2.014762	9	4.250000
239	macintosh	2.010127	3	3.100000
240	laugh	2.007141	19	4.660000
241	grey	2.005684	13	4.480000
242	letter	1.998498	44	4.950000
243	touch	1.996641	38	4.910000
244	absurd	1.994558	6	3.950000
245	tired	1.993722	21	4.710000
246	photograph	1.990253	10	4.340000
247	raid	1.988488	8	4.190000
248	strok	1.982401	3	3.140000
249	pleasure	1.982401	15	4.570000
250	hesitate	1.979894	5	3.790000
251	reply	1.979293	13	4.500000
252	steak	1.975099	6	3.970000
253	suspicion	1.975099	6	3.970000
254	belief	1.975011	12	4.460000
255	mrs	1.973218	34	4.890000
256	acquaintance	1.971561	4	3.550000
257	altar	1.970935	5	3.800000
258	fable	1.968538	3	3.160000
259	detective	1.966516	8	4.210000
260	nail	1.966516	8	4.210000
261	rain	1.963717	20	4.710000
262	abruptly	1.963514	4	3.560000
263	clergyman	1.961607	3	3.170000
264	affair	1.958052	18	4.670000
265	drink	1.955441	34	4.900000
266	somebody	1.954858	25	4.800000
267	cry	1.954675	15	4.590000
268	cliché	1.947744	3	3.190000
269	door	1.947689	68	5.080000
270	silently	1.947420	4	3.580000
271	staircase	1.947420	4	3.580000
272	downstairs	1.945910	6	
273	e.	1.945910	6	
274	firmly	1.945910	6	4.000000
275	gloomily	1.945910	6	
276	handwriting	1.945910	6	
277	pontefract	1.945910	6	
278	remembe	1.945910	6	
279	scared	1.945910	6	
280	unconscious	1.945910	6	
281	sandwich	1.944278	7	4.130000
282	pain	1.943557	54	5.030000
283	occasion	1.942295	10	4.380000
284	repeat	1.936537	12	4.490000
285	craftsman	1.926949	3	3.220000
286	interrupt	1.926141	5	3.850000
287	intention	1.922659	9	4.330000
288	powder	1.922572	8	4.250000
289	catch	1.921677	29	4.870000
290	unimportant	1.920018	3	3.230000
291	abandon	1.918316	10	4.400000
292	ill	1.917269	19	4.720000
293	dinner	1.912651	22	4.780000
294	squash	1.907184	4	3.630000
295	sadness	1.899265	5	3.880000
296	crouch	1.899223	3	3.260000
297	pill	1.897262	6	4.050000
298	eye	1.896888	47	5.020000
299	exhilaration	1.895106	2	2.550000
300	ugly	1.894337	10	4.420000
301	bolton	1.891090	4	3.650000
302	deception	1.891090	4	3.650000
303	loneliness	1.891090	4	3.650000
304	bury	1.890306	5	3.890000
305	fond	1.890306	5	3.890000
306	unwillingly	1.889613	2	2.560000
307	unwrap	1.889613	2	2.560000
308	detect	1.887533	6	4.060000
309	happier	1.887533	6	4.060000
310	intimate	1.887533	6	4.060000
311	speak	1.887533	48	5.030000
312	puzzl	1.885360	3	3.280000
313	flat	1.884441	18	4.720000
314	meaning	1.883042	4	3.660000
315	taxi	1.881895	7	4.190000
316	gesture	1.881347	5	3.900000
317	miserable	1.877803	6	4.070000
318	floater	1.873134	2	2.590000
319	typescript	1.873134	2	2.590000
320	nobody	1.866558	34	4.950000
321	affection	1.863430	5	3.920000
322	lend	1.863430	5	3.920000
323	cigarette	1.858344	6	4.090000
324	diary	1.858344	6	4.090000
325	receiver	1.858344	6	4.090000
326	ruin	1.856655	8	4.310000
327	alcove	1.856655	2	2.620000
328	dial	1.854471	5	3.930000
329	bother	1.853581	9	4.390000
330	lifetime	1.853581	9	4.390000
331	teach	1.849838	17	4.720000
332	tore	1.842806	4	3.710000
333	unexpectedly	1.842806	4	3.710000
334	lod	1.840176	2	2.650000
335	vulgarity	1.840176	2	2.650000
336	sha	1.836840	3	3.350000
337	walk	1.834933	53	5.080000
338	pretend	1.834683	8	4.330000
339	implor	1.834683	2	2.660000
340	quiet	1.827934	14	4.650000
341	conscience	1.827595	5	3.960000
342	bear	1.827423	16	4.710000
343	baptize	1.823696	2	2.680000
344	headmistress	1.823696	2	2.680000
345	touche	1.823696	2	2.680000
346	conventional	1.819511	7	4.250000
347	hers	1.818636	5	3.970000
348	hysteria	1.816046	3	3.380000
349	resent	1.816046	3	3.380000
350	chair	1.816046	15	4.690000
351	richard	1.812418	19	4.790000
352	memory	1.811491	20	4.810000
353	tray	1.810618	4	3.750000
354	hurry	1.809696	6	4.140000
355	sensible	1.809677	5	3.980000
356	od	1.809114	3	3.390000
357	ministry	1.807754	13	4.630000
358	queer	1.802570	4	3.760000
359	resurrection	1.802570	4	3.760000
360	crudely	1.801724	2	2.720000
361	training	1.801724	2	2.720000
362	fanaticism	1.796231	2	2.730000
363	glandular	1.796231	2	2.730000
364	pretence	1.796231	2	2.730000
365	hall	1.795600	23	4.870000
366	adultery	1.795251	3	3.410000
367	argument	1.794559	13	4.640000
368	arrange	1.791759	5	4.000000
369	hideous	1.791759	5	
370	interesting	1.791759	5	
371	m.	1.791759	5	
372	strangers	1.791759	5	
373	surprised	1.791759	5	
374	telephine	1.791759	5	
375	waiting	1.791759	5	
376	wastepaper	1.791759	5	
377	‘i	1.791759	5	
378	’ve	1.791759	5	
379	importance	1.789133	11	4.560000
380	chop	1.786476	4	3.780000
381	disbelief	1.781388	3	3.430000
382	till	1.781386	18	4.790000
383	cinema	1.780508	6	4.170000
384	beastly	1.779752	2	2.760000
385	becket	1.779752	2	2.760000
386	dusk	1.774457	3	3.440000
387	possess	1.773842	5	4.020000
388	refuse	1.768766	8	4.390000
389	silly	1.768766	8	4.390000
390	bunk	1.767525	3	3.450000
391	hurt	1.766068	27	4.940000
392	bia	1.763273	2	2.790000
393	leper	1.763273	2	2.790000
394	spoil	1.762335	4	3.810000
395	nerve	1.761049	6	4.190000
396	arm	1.760594	15	4.730000
397	imagine	1.759372	25	4.920000
398	creak	1.757780	2	2.800000
399	boy	1.757154	68	5.170000
400	inadequate	1.754287	4	3.820000
401	reviewer	1.753662	3	3.470000
402	realize	1.752503	19	4.830000
403	reasonable	1.751859	11	4.590000
404	disturb	1.746965	5	4.050000
405	lamp	1.746965	5	4.050000
406	proceed	1.746965	5	4.050000
407	indelible	1.746794	2	2.820000
408	badger	1.746731	3	3.480000
409	convey	1.746240	4	3.830000
410	except	1.742121	34	5.020000
411	jones	1.741300	2	2.830000
412	sleep	1.740192	38	5.050000
413	cheque	1.739799	3	3.490000
414	assure	1.738007	5	4.060000
415	unhappy	1.738007	5	4.060000
416	worry	1.737525	19	4.840000
417	forget	1.733773	39	5.060000
418	pension	1.731860	6	4.220000
419	surly	1.730314	2	2.850000
420	basket	1.729048	5	4.070000
421	bed	1.726811	40	5.070000
422	object	1.726485	10	4.560000
423	whom	1.722546	19	4.850000
424	fairy	1.720089	5	4.080000
425	lain	1.719328	2	2.870000
426	snow	1.718516	12	4.660000
427	stretch	1.715539	7	4.350000
428	bottle	1.714495	10	4.570000
429	vague	1.714051	4	3.870000
430	indeterminate	1.713835	2	2.880000
431	passion	1.713835	8	4.440000
432	calmness	1.708342	2	2.890000
433	candle	1.706004	4	3.880000
434	coat	1.705142	7	4.360000
435	arouse	1.702849	2	2.900000
436	notice	1.700073	21	4.900000
437	telegram	1.698211	3	3.550000
438	fist	1.697957	4	3.890000
439	foolish	1.697957	4	3.890000
440	hardly	1.692400	9	4.530000
441	awful	1.691863	8	4.460000
442	carefully	1.691863	8	4.460000
443	christen	1.691863	2	2.920000
444	afternoon	1.688997	13	4.720000
445	gulp	1.686370	2	2.930000
446	politeness	1.686370	2	2.930000
447	grass	1.684348	7	4.380000
448	thirty	1.684348	7	4.380000
449	victorian	1.684254	5	4.120000
450	cushion	1.677416	3	3.580000
451	fake	1.677312	11	4.650000
452	twenty	1.677312	11	4.650000
453	disconcert	1.675384	2	2.950000
454	lip	1.675295	5	4.130000
455	revenge	1.673483	6	4.280000
456	impotence	1.669891	2	2.960000
457	pyjama	1.669891	2	2.960000
458	peace	1.666587	29	5.020000
459	blank	1.666336	5	4.140000
460	corrupt	1.666336	5	4.140000
461	husband	1.666102	27	5.000000
462	directory	1.665768	4	3.930000
463	ry	1.664398	2	2.970000
464	choose	1.659265	20	4.910000
465	lancelot	1.658905	2	2.980000
466	lance	1.657721	4	3.940000
467	leap	1.657721	4	3.940000
468	tottenham	1.656622	3	3.610000
469	voice	1.653237	34	5.070000
470	satisfaction	1.648419	5	4.160000
471	shoulder	1.647918	8	4.500000
472	gull	1.647918	2	3.000000
473	doctor	1.647653	19	4.900000
474	occur	1.646348	9	4.570000
475	fear	1.646134	22	4.950000
476	rum	1.642759	3	3.630000
477	stomach	1.642759	7	4.420000
478	pillow	1.641627	4	3.960000
479	bless	1.639460	5	4.170000
480	trouble	1.638370	14	4.790000
481	dread	1.635827	3	3.640000
482	scarlet	1.635827	3	3.640000
483	cure	1.634565	6	4.320000
484	explain	1.634164	18	4.890000
485	wag	1.631439	2	3.030000
486	smile	1.630569	10	4.640000
487	lap	1.630501	5	4.180000
488	sadly	1.630501	5	4.180000
489	hampstead	1.625946	2	3.040000
490	impotent	1.625946	2	3.040000
491	maud	1.625946	2	3.040000
492	knee	1.624835	6	4.330000
493	trivial	1.621964	3	3.660000
494	mood	1.621964	7	4.440000
495	being	1.621542	5	4.190000
496	enemy	1.615189	11	4.700000
497	pound	1.614960	8	4.530000
498	loyal	1.612584	5	4.200000
499	resist	1.612584	5	4.200000
500	herself	1.609825	13	4.780000
501	cross	1.609438	24	5.000000
502	10	1.609438	4	
503	12	1.609438	4	
504	1939	1.609438	4	
505	1945	1.609438	4	
506	banister	1.609438	4	
507	behave	1.609438	4	4.000000
508	borrow	1.609438	4	4.000000
509	bridges	1.609438	4	
510	c.	1.609438	4	
511	cautious	1.609438	4	
512	coloured	1.609438	4	
513	cretonne	1.609438	4	
514	crowded	1.609438	4	
515	fashioned	1.609438	4	
516	gospels	1.609438	4	
517	grating	1.609438	4	
518	habits	1.609438	4	
519	lamps	1.609438	4	
520	nowadays	1.609438	4	
521	papers	1.609438	4	
522	parquet	1.609438	4	
523	ringing	1.609438	4	
524	seconds	1.609438	4	
525	serious	1.609438	4	
526	themselves	1.609438	4	
527	trousers	1.609438	4	
528	leg	1.606590	10	4.660000
529	impression	1.605376	6	4.350000
530	client	1.603974	8	4.540000
531	hesitat	1.603974	2	3.080000
532	huddle	1.603974	2	3.080000
533	momentary	1.603974	2	3.080000
534	scorch	1.603974	2	3.080000
535	bitter	1.603625	5	4.210000
536	shock	1.601170	7	4.460000
537	hundred	1.600297	9	4.610000
538	anxiously	1.598481	2	3.090000
539	gaze	1.594239	3	3.700000
540	deliberately	1.593344	4	4.020000
541	surely	1.592988	8	4.550000
542	ask	1.590693	123	5.340000
543	bookshop	1.587495	2	3.110000
544	gordon	1.585917	6	4.370000
545	robot	1.576748	5	4.240000
546	suggestion	1.576748	5	4.240000
547	dream	1.575253	17	4.910000
548	spot	1.572433	16	4.890000
549	recit	1.571016	2	3.140000
550	shiver	1.571016	2	3.140000
551	tone	1.569978	7	4.490000
552	moment	1.568311	61	5.240000
553	sooner	1.567790	5	4.250000
554	friendship	1.566458	6	4.390000
555	somewhere	1.565491	11	4.740000
556	demon	1.561155	4	4.060000
557	lager	1.560029	2	3.160000
558	gown	1.559581	3	3.750000
559	nurse	1.556728	6	4.400000
560	sake	1.556728	6	4.400000
561	ek	1.554536	2	3.170000
562	hairdresser	1.554536	2	3.170000
563	weakly	1.554536	2	3.170000
564	drain	1.553108	4	4.070000
565	expect	1.552070	22	5.010000
566	hear	1.549760	55	5.230000
567	die	1.549475	27	5.070000
568	emphasis	1.549043	2	3.180000
569	flannel	1.549043	2	3.180000
570	foresee	1.549043	2	3.180000
571	hopelessly	1.549043	2	3.180000
572	common	1.548480	47	5.200000
573	approve	1.545060	4	4.080000
574	grief	1.545060	4	4.080000
575	widow	1.545060	4	4.080000
576	complacent	1.543550	2	3.190000
577	extinguish	1.543550	2	3.190000
578	drawer	1.538787	3	3.780000
579	exclude	1.538787	3	3.780000
580	warning	1.538787	3	3.780000
581	curiously	1.538057	2	3.200000
582	imitat	1.538057	2	3.200000
583	ordinary	1.537269	6	4.420000
584	absurdity	1.532564	2	3.210000
585	clutter	1.532564	2	3.210000
586	schoolboy	1.532564	2	3.210000
587	wish	1.532445	41	5.180000
588	floor	1.531897	17	4.940000
589	imaginary	1.531855	3	3.790000
590	stain	1.531855	3	3.790000
591	seem	1.529634	55	5.240000
592	pour	1.528966	4	4.100000
593	prove	1.528218	11	4.770000
594	ear	1.527539	6	4.430000
595	accomplice	1.527071	2	3.220000
596	annihilation	1.527071	2	3.220000
597	lear	1.527071	2	3.220000
598	destroy	1.527071	8	4.610000
599	familiar	1.527071	8	4.610000
600	unpleasant	1.524924	3	3.800000
601	word	1.521023	60	5.260000
602	happily	1.520919	4	4.110000
603	assurance	1.517992	3	3.810000
604	doom	1.517992	3	3.810000
605	lose	1.516085	26	5.080000
606	seduce	1.516085	2	3.240000
607	praise	1.514037	5	4.310000
608	drift	1.511061	3	3.820000
609	timid	1.510592	2	3.250000
610	anxiety	1.508080	6	4.450000
611	innocent	1.508080	6	4.450000
612	slowly	1.505099	8	4.630000
613	knack	1.505099	2	3.260000
614	blast	1.505078	5	4.320000
615	consciousness	1.504824	4	4.130000
616	guilt	1.504824	4	4.130000
617	miracle	1.504824	4	4.130000
618	innocence	1.504129	3	3.830000
619	sickness	1.504129	3	3.830000
620	dead	1.503997	40	5.190000
621	break	1.502060	38	5.180000
622	bar	1.501603	16	4.940000
623	reach	1.501603	16	4.940000
624	poor	1.499606	26	5.090000
625	evoke	1.499606	2	3.270000
626	surprise	1.498685	10	4.750000
627	bound	1.498351	6	4.460000
628	nearly	1.497866	19	5.000000
629	awake	1.496777	4	4.140000
630	lean	1.496777	4	4.140000
631	succeed	1.496777	4	4.140000
632	expense	1.496119	5	4.330000
633	trap	1.496119	5	4.330000
634	grotesque	1.494113	2	3.280000
635	shabby	1.494113	2	3.280000
636	stand	1.490266	31	5.140000
637	lang	1.490266	3	3.850000
638	utter	1.490266	3	3.850000
639	glad	1.489428	14	4.900000
640	mark	1.489360	22	5.050000
641	bitterly	1.488620	2	3.290000
642	excite	1.488620	2	3.290000
643	everybody	1.487671	12	4.840000
644	lane	1.486801	7	4.570000
645	prefer	1.486801	7	4.570000
646	dentist	1.483335	3	3.860000
647	mistress	1.483335	3	3.860000
648	thrust	1.483335	3	3.860000
649	reassure	1.483127	2	3.300000
650	commit	1.483127	8	4.650000
651	father	1.482713	54	5.260000
652	alone	1.481071	33	5.160000
653	meal	1.478892	6	4.480000
654	trick	1.478892	6	4.480000
655	sick	1.477872	13	4.880000
656	admit	1.476403	7	4.580000
657	guest	1.476403	7	4.580000
658	neighbour	1.476403	3	3.870000
659	slid	1.476403	3	3.870000
660	swallow	1.476403	3	3.870000
661	address	1.475887	14	4.910000
662	journal	1.474706	10	4.770000
663	substitute	1.472636	4	4.170000
664	quickly	1.472219	18	5.000000
665	myself	1.470625	70	5.310000
666	spoon	1.469472	3	3.880000
667	pass	1.468245	21	5.050000
668	cold	1.467909	19	5.020000
669	spade	1.466647	2	3.330000
670	push	1.466095	11	4.820000
671	leave	1.466075	84	5.340000
672	basement	1.464589	4	4.180000
673	shut	1.462716	10	4.780000
674	dislike	1.462541	3	3.890000
675	umbrella	1.462541	3	3.890000
676	presence	1.462142	9	4.730000
677	mine	1.461371	20	5.040000
678	hardwood	1.461154	2	3.340000
679	emotion	1.460284	5	4.370000
680	tongue	1.460284	5	4.370000
681	scene	1.459105	16	4.970000
682	fiercely	1.455661	2	3.350000
683	bomb	1.455609	7	4.600000
684	happen	1.455034	37	5.200000
685	mouth	1.453670	11	4.830000
686	doubt	1.451482	13	4.900000
687	discover	1.450629	9	4.740000
688	gourmet	1.450168	2	3.360000
689	catalogue	1.448678	3	3.910000
690	terribly	1.448678	3	3.910000
691	toss	1.448678	3	3.910000
692	truth	1.446148	20	5.050000
693	ambiguity	1.444675	2	3.370000
694	bazaar	1.444675	2	3.370000
695	hair	1.442327	22	5.080000
696	interpret	1.441746	3	3.920000
697	convert	1.440447	4	4.210000
698	writer	1.439182	8	4.690000
699	window	1.438737	10	4.800000
700	grievance	1.433689	2	3.390000
701	liv	1.433689	2	3.390000
702	sheet	1.433408	5	4.400000
703	sudden	1.433408	5	4.400000
704	leaf	1.432400	4	4.220000
705	suffer	1.430244	6	4.530000
706	royal	1.428821	11	4.850000
707	fender	1.428196	2	3.400000
708	illusion	1.427883	3	3.940000
709	answer	1.425105	30	5.170000
710	turn	1.424483	65	5.320000
711	crack	1.424449	5	4.410000
712	dust	1.424449	5	4.410000
713	lately	1.424449	5	4.410000
714	palm	1.424353	4	4.230000
715	pub	1.424353	4	4.230000
716	coarse	1.422703	2	3.410000
717	pew	1.422703	2	3.410000
718	weep	1.422703	2	3.410000
719	lady	1.421726	14	4.950000
720	sorry	1.420952	31	5.180000
721	hide	1.420514	6	4.540000
722	fall	1.417272	25	5.130000
723	terrible	1.417210	8	4.710000
724	chiefly	1.417210	2	3.420000
725	cowardly	1.417210	2	3.420000
726	irritation	1.417210	2	3.420000
727	escape	1.414020	7	4.640000
728	stir	1.414020	3	3.960000
729	dark	1.413331	18	5.040000
730	civil	1.411896	13	4.930000
731	bruise	1.411717	2	3.430000
732	linger	1.411717	2	3.430000
733	inquiry	1.408258	4	4.250000
734	lonely	1.408258	4	4.250000
735	mercy	1.408258	4	4.250000
736	caution	1.407089	3	3.970000
737	curiosity	1.407089	3	3.970000
738	canary	1.406224	2	3.440000
739	invariably	1.406224	2	3.440000
740	sense	1.403623	31	5.190000
741	describe	1.401055	6	4.560000
742	excuse	1.401055	6	4.560000
743	contradiction	1.400731	2	3.450000
744	convince	1.400211	4	4.260000
745	pond	1.400157	3	3.980000
746	church	1.399526	27	5.160000
747	brain	1.398700	13	4.940000
748	horrible	1.397572	5	4.440000
749	legend	1.397572	5	4.440000
750	flashlight	1.395238	2	3.460000
751	tram	1.395238	2	3.460000
752	taste	1.395238	8	4.730000
753	paper	1.393016	19	5.070000
754	painfully	1.389745	2	3.470000
755	respectfully	1.389745	2	3.470000
756	charity	1.388614	5	4.450000
757	.16	1.386294	3	
758	16	1.386294	3	
759	18	1.386294	3	
760	anonymous	1.386294	3	
761	bartok	1.386294	3	
762	beautify	1.386294	3	
763	bigwell	1.386294	3	
764	blinker	1.386294	3	
765	catholics	1.386294	3	
766	charing	1.386294	3	
767	coughing	1.386294	3	
768	delirious	1.386294	3	
769	drearily	1.386294	3	
770	frightene	1.386294	3	
771	generous	1.386294	3	
772	golliwog	1.386294	3	
773	hurrie	1.386294	3	
774	indeed	1.386294	3	
775	kny	1.386294	3	
776	maugham	1.386294	3	
777	nervous	1.386294	3	
778	o’clock	1.386294	3	
779	pensions	1.386294	3	
780	pleased	1.386294	3	
781	proceedings	1.386294	3	
782	ridiculous	1.386294	3	
783	scrawl	1.386294	3	
784	shopping	1.386294	3	
785	sleeping	1.386294	3	
786	stained	1.386294	3	
787	unexpected	1.386294	3	
788	unused	1.386294	3	
789	willing	1.386294	3	
790	eighteenth	1.384251	2	3.480000
791	normandy	1.384251	2	3.480000
792	postpone	1.384251	2	3.480000
793	shutter	1.384251	2	3.480000
794	sparrow	1.384251	2	3.480000
795	lovely	1.384251	8	4.740000
796	listen	1.383886	18	5.060000
797	trust	1.382453	23	5.130000
798	silence	1.379655	5	4.460000
799	carry	1.379123	11	4.890000
800	dine	1.378758	2	3.490000
801	exhaustion	1.378758	2	3.490000
802	sacrifice	1.376069	4	4.290000
803	joke	1.372431	7	4.680000
804	circumstance	1.371867	6	4.590000
805	cloth	1.370696	5	4.470000
806	harm	1.370696	5	4.470000
807	draw	1.370038	9	4.810000
808	partly	1.368022	4	4.300000
809	wisdom	1.368022	4	4.300000
810	aloud	1.367772	2	3.510000
811	infinitely	1.367772	2	3.510000
812	coffee	1.366800	10	4.860000
813	chapel	1.365500	3	4.030000
814	pork	1.365500	3	4.030000
815	sentiment	1.365500	3	4.030000
816	dress	1.362279	8	4.760000
817	fellow	1.362279	8	4.760000
818	stick	1.362279	8	4.760000
819	dew	1.362279	2	3.520000
820	newspaper	1.362137	6	4.600000
821	meeting	1.361737	5	4.480000
822	engagement	1.359975	4	4.310000
823	favour	1.359975	4	4.310000
824	finish	1.359423	12	4.940000
825	mathematical	1.358568	3	4.040000
826	faith	1.358525	9	4.820000
827	insignificant	1.356786	2	3.530000
828	quota	1.356786	2	3.530000
829	snatch	1.356786	2	3.530000
830	swore	1.356786	2	3.530000
831	avoid	1.354811	10	4.870000
832	foot	1.354811	10	4.870000
833	anyway	1.354274	11	4.910000
834	speaker	1.352778	5	4.490000
835	upset	1.352408	6	4.610000
836	beg	1.351637	3	4.050000
837	inscription	1.351293	2	3.540000
838	vase	1.351293	2	3.540000
839	road	1.351032	34	5.240000
840	remember	1.350580	77	5.380000
841	hand	1.346483	95	5.410000
842	baptism	1.345800	2	3.550000
843	asham	1.344706	3	4.060000
844	shall	1.344706	15	5.030000
845	orange	1.342678	6	4.620000
846	cheap	1.341240	7	4.710000
847	duty	1.341240	7	4.710000
848	feeling	1.341240	7	4.710000
849	blush	1.340307	2	3.560000
850	add	1.339720	18	5.090000
851	beard	1.337774	3	4.070000
852	obligation	1.337774	3	4.070000
853	petty	1.337774	3	4.070000
854	swing	1.335833	4	4.340000
855	swear	1.334861	5	4.510000
856	blitz	1.334814	2	3.570000
857	youngster	1.334814	2	3.570000
858	return	1.334814	26	5.190000
859	character	1.333101	19	5.110000
860	ah	1.332948	6	4.630000
861	false	1.332948	6	4.630000
862	gently	1.330843	3	4.080000
863	worse	1.330832	10	4.890000
864	pick	1.329571	17	5.080000
865	breast	1.327786	4	4.350000
866	dozen	1.327786	4	4.350000
867	cafe	1.323911	3	4.090000
868	admiration	1.323828	2	3.590000
869	sermon	1.323828	2	3.590000
870	superiority	1.323828	2	3.590000
871	fault	1.323219	6	4.640000
872	properly	1.323219	6	4.640000
873	tea	1.320445	7	4.730000
874	certainly	1.319529	13	5.000000
875	biscuit	1.318335	2	3.600000
876	somehow	1.316943	5	4.530000
877	wilson	1.316943	5	4.530000
878	confidence	1.313489	6	4.650000
879	caller	1.312842	2	3.610000
880	chap	1.312842	2	3.610000
881	disturbance	1.312842	2	3.610000
882	novelist	1.312842	2	3.610000
883	genuine	1.311692	4	4.370000
884	introduce	1.311692	4	4.370000
885	regret	1.311692	4	4.370000
886	settle	1.311692	4	4.370000
887	absolute	1.307984	5	4.540000
888	wet	1.307984	5	4.540000
889	fuss	1.307349	2	3.620000
890	unfamiliar	1.307349	2	3.620000
891	discuss	1.303760	6	4.660000
892	strike	1.303760	6	4.660000
893	divide	1.303117	3	4.120000
894	distort	1.301856	2	3.630000
895	conversation	1.299651	7	4.750000
896	prepare	1.299026	5	4.550000
897	wife	1.296409	28	5.230000
898	deficiency	1.296363	2	3.640000
899	plausible	1.296363	2	3.640000
900	bend	1.296185	3	4.130000
901	wear	1.294863	10	4.920000
902	mistake	1.294030	6	4.670000
903	relation	1.294030	6	4.670000
904	shoe	1.294030	6	4.670000
905	tomorrow	1.293138	13	5.020000
906	salvage	1.290869	2	3.650000
907	woman	1.290345	52	5.350000
908	shop	1.289448	9	4.880000
909	bitch	1.289254	7	4.760000
910	pile	1.289254	3	4.140000
911	nowhere	1.287550	4	4.400000
912	meet	1.287122	33	5.270000
913	hold	1.287112	23	5.190000
914	room	1.286950	67	5.390000
915	table	1.286324	14	5.050000
916	remain	1.285376	8	4.830000
917	soak	1.285376	2	3.660000
918	restaurant	1.284301	6	4.680000
919	learn	1.282783	21	5.170000
920	sort	1.282475	12	5.000000
921	convenient	1.282322	3	4.150000
922	quietly	1.282322	3	4.150000
923	soup	1.282322	3	4.150000
924	urgent	1.282322	3	4.150000
925	shift	1.281108	5	4.570000
926	lag	1.279883	2	3.670000
927	mist	1.279883	2	3.670000
928	spend	1.279727	11	4.970000
929	reader	1.279503	4	4.410000
930	steal	1.279503	4	4.410000
931	copy	1.278857	7	4.770000
932	across	1.275449	29	5.250000
933	exhibit	1.275391	3	4.160000
934	remark	1.275391	3	4.160000
935	sad	1.274390	8	4.840000
936	headach	1.274390	2	3.680000
937	jewel	1.274390	2	3.680000
938	revive	1.274390	2	3.680000
939	sound	1.273186	19	5.150000
940	child	1.273155	37	5.300000
941	quite	1.272149	35	5.290000
942	ceremony	1.271456	4	4.420000
943	comic	1.271456	4	4.420000
944	miss	1.270658	25	5.220000
945	footstep	1.268897	2	3.690000
946	traitor	1.268897	2	3.690000
947	couch	1.268459	3	4.170000
948	loyalty	1.268459	3	4.170000
949	aware	1.268459	7	4.780000
950	round	1.266109	18	5.140000
951	avenue	1.263409	4	4.430000
952	strand	1.263404	2	3.700000
953	warn	1.263190	5	4.590000
954	chill	1.261528	3	4.180000
955	claim	1.258895	10	4.950000
956	bag	1.258062	7	4.790000
957	accuse	1.257911	2	3.710000
958	opening	1.257911	2	3.710000
959	respectable	1.257911	2	3.710000
960	sand	1.255362	4	4.440000
961	shadow	1.255362	4	4.440000
962	anywhere	1.255112	6	4.710000
963	commission	1.254909	9	4.910000
964	necessary	1.254909	9	4.910000
965	drop	1.254878	11	4.990000
966	christianity	1.254596	3	4.190000
967	confusion	1.254596	3	4.190000
968	excitement	1.254596	3	4.190000
969	rang	1.254596	3	4.190000
970	scar	1.254232	5	4.600000
971	ten	1.253552	13	5.050000
972	awaken	1.252418	2	3.720000
973	knot	1.252418	2	3.720000
974	strawberry	1.252418	2	3.720000
975	thigh	1.246925	2	3.730000
976	weaken	1.246925	2	3.730000
977	simply	1.245703	14	5.080000
978	hello	1.245382	6	4.720000
979	breakfast	1.245273	5	4.610000
980	i	1.242221	3949	7.090000
981	arrogant	1.241432	2	3.740000
982	jewellery	1.241432	2	3.740000
983	limb	1.241432	2	3.740000
984	nod	1.241432	2	3.740000
985	dish	1.240733	3	4.210000
986	meter	1.240733	3	4.210000
987	certain	1.236664	18	5.160000
988	stream	1.236314	5	4.620000
989	usual	1.236314	5	4.620000
990	shatter	1.235939	2	3.750000
991	unreasonable	1.235939	2	3.750000
992	port	1.235653	6	4.730000
993	explosion	1.233802	3	4.220000
994	handsome	1.233802	3	4.220000
995	safely	1.233802	3	4.220000
996	twist	1.233802	3	4.220000
997	thin	1.231220	4	4.470000
998	betray	1.230446	2	3.760000
999	slut	1.230446	2	3.760000
1000	twitch	1.230446	2	3.760000
